$ANSIBLE_VAULT;1.1;AES256
33626135643231333634383166376136623861363238663732633665323134366363333163613364
3235303831663133653232306265633966386439633736390a353631393464313133336434323164
66623732643365326634643733306236393463313538663562306231336436313536613934636636
3832633633663439350a623836343964653336386161646336353834356632383032336561663365
37663333376330343434656661333965343734646334333036313966343238383731663431323665
63353234636433633730396233623964323935326663663137626232366562646363346339313630
61363630363234613536343364666338333831356331366563646135306236353564313232383663
62373632383965626161346537366464353631356238623533386530303838326531656562396236
30333766386235643338663462653638323165313336313138303334383230336238386465313162
33393236303833653365323461333537343662666233353561353937616262353335373536326565
64613436636531303930623130373332613965326563353430346432336334386239323538626461
65343030663231333333623336353332386431326231343461333232616236303136386663666466
66623734663365323837393738393833346238623830623261626431663937613838343437393934
30616465346330316565303438303566326330353837666463306536616539653036633431366166
64623566303833313335396233336363643065626237323034316637353936636239333838613032
32353964626562643637
